ACTIVE_PART_STACK__BODY_BACKGROUND_COLOR=0.0, 0.026595745, 0.021276593
INACTIVE_PART_STACK__BODY_BACKGROUND_COLOR=0.0, 0.010638298, 0.9734042
TEXT_EDITOR__UNDER_LINE_COLOR=0.0, 0.010638, 0.973404
TEXT_EDITOR__UNDER_LINE_STYLE=0
WINDOW__BACKGROUND_COLOR=0.0, 0.026595745, 0.010638297
WINDOW__PERSPECTIVE_SWITCHER_FILL_COLOR=0.0, 0.0, 0.0, 0|0.0, 0.0, 0.3529412, 0|0.0, 0.0, 0.3529412, 100
WINDOW__PERSPECTIVE_SWITCHER_KEY_LINE_COLOR=0.0, 0.010638298, 0.015957475
WINDOW__STATUS_BAR_FILL_COLOR=0.0, 0.0, 1.0, 0|0.0, 0.0, 0.6648936, 8|0.0, 0.0, 0.81960785, 16|0.0, 0.0, 1.0, 32|0.0, 0.0, 0.93085104, 47|0.0, 0.0, 0.87234044, 100
eclipse.preferences.version=1
